-70717.35
-53582.80
-258985.73
-134009.97
52533.75
-234540.66
-168543.06
-60850.69
-2857.01
252649.67
-219399.70
-258068.23
-224415.09
-110335.45
85783.21
115171.73
159457.25
23091.45
21933.30
202765.73
64359.39
14022.02
97474.88
341357.31
7023.62
-266363.06
-37814.12
-77293.89
-208421.64
-113329.61
228557.98
-221418.62
74409.65
438483.97
-334733.78
97631.91
-411563.56
-121792.80
224536.08
-169733.14
-768.74
164606.59
-205222.17
148681.47
-94462.20
-178431.38
-3304.61
71784.44
170893.70
-70405.65
161042.25
101007.12
-193277.83
-452113.03
-109389.69
96840.24
254.49
-120990.51
40278.08
68066.59
87345.50
-367002.97
271396.25
180163.52
-34534.34
-339302.16
-13964.87
-54827.80
39010.52
146197.28
114946.92
34148.44
-637277.62
438584.31
119149.38
35392.00
-271295.97
262161.97
35124.86
-34360.02
143973.94
389537.88
-77398.84
366602.72
87552.97
-47991.12
-275840.34
152095.59
208682.83
114381.84
95040.32
3851.44
208659.22
174950.16
-122193.33
-79.63
-10504.53
475690.00
-187402.80
-155265.47
223195.27
182131.89
11813.21
-93253.98
-206275.38
284746.38
556145.38
17610.55
-80656.98
95442.73
193732.72
-158045.64
-300295.91
241045.05
-249592.62
371396.47
-240468.97
-237463.77
-179653.75
28401.52
125231.71
-82620.48
70526.43
206539.55
22913.99
212281.00
-209623.77
347011.84
99811.80
-198467.62
22632.52
79525.20
-107651.39
-386277.16
81365.55
65075.62
-245604.41
-19332.67
-49006.40
-312356.84
-188904.38
-184807.03
-220101.62
-56299.77
-191217.31
-360785.88
34921.44
-133607.39
19787.11
-150752.22
-203632.77
468363.41
74300.98
-7584.58
-165351.38
-75613.27
16962.50
-170918.56
-27089.74
17531.93
-171877.09
-47884.94
-254297.45
89225.96
-304858.00
-49367.68
421971.31
36053.34
-160085.42
15054.00
64528.76
-83505.72
229860.23
-32159.49
-55251.73
44018.53
-4126.93
89952.37
240480.09
-31205.03
32730.32
17991.11
-335343.84
-20115.66
115057.99
-103155.71
41936.64
-10944.62
172265.14
-39274.02
36477.10
2906.61
-123413.16
-181596.34
-14328.07
70125.67
-23107.45
139932.80
38420.42
44499.99
292521.72
-142209.17
34102.90
-409057.59
24208.15
-40716.00
-164995.22
-29992.11
-12673.61
-159559.27
-43282.55
-79510.19
-45434.09
36067.42
-192038.42
-58704.50
-16286.42
193887.59
-241991.48
14828.16
204699.14
-91010.66
-192567.09
-28427.88
171317.83
231559.81
105995.20
-86000.59
-195504.39
-28500.62
4543.36
-115765.42
50794.85
-180700.80
61648.35
-230800.16
-105545.75
62165.58
189626.98
251824.30
17205.72
226018.09
-128492.48
127851.80
200856.47
228752.14
-60652.90
70015.39
-14795.87
-32698.42
378878.31
120488.10
-54697.44
-198689.81
-29312.43
120550.22
-383234.75
-119689.06
-326135.59
-58668.06
128892.98
125752.55
155883.72
-494240.91
-30836.87
5510.14
-67342.33
-56016.11
192057.11
34323.93
-167015.88
60202.64
-526633.56
-341688.75
-316034.56
211941.09
-109614.02
-281053.41
309567.19
-111997.04
22130.12
-129912.20
-384348.16
-222846.66
164044.81
-22890.26
97631.52
98555.20
179547.08
-5514.96
-282970.34
63020.22
85508.20
94574.03
47063.16
-93302.13
57530.93
157835.45
-94663.41
201954.36
208769.23
156767.77
117891.15
68810.84
22576.76
-8110.06
-44695.10
424263.81
183918.61
-119173.90
49906.60
332593.47
-201793.11
28225.10
-91793.47
-195964.08
13378.33
31920.26
205996.30
289537.09
223979.06
95213.23
270287.66
-15672.49
154685.36
177535.45
273333.16
-237687.17
-136557.42
296325.16
98332.12
-568646.31
45407.76
-110486.09
-537114.69
2774.80
-44725.44
-68903.84
116147.97
204649.69
103437.88
-368617.78
-122531.11
32048.40
-80975.23
163072.02
263756.59
-183821.16
-203403.88
41958.51
36339.43
-133913.84
-97619.91
135575.23
308803.91
-25949.13
217935.12
145803.77
-92236.36
260147.02
276377.78
-174309.78
74243.89
-2964.28
164256.50
18432.80
24274.37
-3069.92
332345.00
-21299.32
97183.09
294509.38
-22246.69
-10793.79
35648.80
-86965.89
112400.58
364308.91
-399079.66
-109809.80
-170024.83
-87476.86
5415.71
-38869.90
78691.89
-17407.77
65672.99
-132080.81
-443625.91
214066.22
-154505.80
-383587.09
-239842.55
-286165.72
453602.94
199093.81
179394.52
245836.83
26024.70
200948.70
426652.94
-590977.25
-338689.66
314752.62
12150.19
-304798.84
-12987.29
294786.06
-242529.67
35475.46
222051.22
-472.61
-100706.23
-304381.38
-217944.20
-67575.11
-11796.16
75442.24
287372.84
398032.62
-458037.50
-179118.80
130221.31
565422.31
332477.12
23822.75
-182498.47
-107071.37
115476.68
119112.75
190573.94
-146151.16
128632.52
222202.86
125029.80
-260423.38
-75653.02
-166527.78
48773.13
97464.23
-2322.64
-61626.47
-98234.34
12127.95
198650.50
-397059.94
-83159.30
101324.17
-179392.86
-451725.97
-238375.44
-130487.60
-200598.05
97599.84
37740.16
-116718.52
169680.23
-368864.56
-407166.53
-331357.38
112082.83
38731.78
-407236.78
-30780.65
435419.72
-156067.48
55067.94
337864.75
-273260.78
29190.44
92826.50
106812.09
226648.72
256676.66
-39350.96
-346397.72
-209740.36
78304.63
-33593.74
-107468.12
23822.01
252224.20
-143114.23
211822.02
-18075.54
113392.39
240425.62
120416.25
-69203.63
-43150.02
493534.44
-71345.67
55192.59
-50757.99
-30953.80
266317.97
18779.30
-414461.53
186612.44
-177411.92
-65805.17
-131745.23
-439444.84
109693.34
119058.77
-174599.81
56766.46
219778.12
233374.92
-250841.52
-133692.30
-325573.72
-35027.63
-93504.30
-210001.00
349868.09
-89267.35
-159646.20
156939.17
29614.42
-245839.33
-145654.31
142403.66
32520.69
70759.05
-236930.06
84043.73
-113028.84
3594.25
-169535.98
47709.96
459966.31
96124.93
10525.09
59603.09
79123.20
-220866.31
374795.88
74169.48
7255.04
40299.97
534497.56
-76468.27
-25858.83
-116337.27
203870.25
-14266.06
334523.31
-15901.77
519082.44
-546637.31
-389257.00
126262.06
165998.62
16402.77
-119232.12
-120851.88
-211020.20
-279465.25
94717.64
-283810.47
309356.25
47667.93
-228613.81
39300.43
-95944.64
4084.92
-122894.96
-282769.97
-269805.19
-89325.73
-114062.98
-92320.59
-109479.20
-362113.47
190103.78
145871.97
145827.36
-176242.09
-81114.05
47220.54
295774.47
-201244.70
98267.98
-79320.91
103030.97
242342.61
-73358.56
-113954.79
116829.10
255893.69
-8091.89
269489.53
-249503.44
-134396.19
-55789.40
63080.83
-143570.72
41557.70
86145.80
37403.44
344596.56
269887.62
-47241.13
-92031.83
141631.44
81709.30
-44723.13
118244.30
-292747.84
-97836.91
149168.98
357935.56
-35997.36
-232811.38
-332077.00
-259332.09
257975.55
-155547.02
-97885.11
-90143.05
-90639.42
-314390.72
-70547.84
49810.19
139147.81
53201.04
23709.68
59726.14
25937.31
11289.45
-335314.38
25817.36
-20277.74
-151036.31
146255.25
31595.75
-62346.95
92323.09
-184149.23
-83452.91
192851.11
-419921.47
-16183.02
303301.59
583591.31
-304588.25
107127.90
58373.35
-182056.98
256201.95
20882.27
-238310.06
309347.88
-57602.84
183102.52
377832.94
102887.55
177118.39
-192559.03
99457.34
132683.81
-172949.91
-220434.59
61381.83
-169985.98
-26263.36
92372.09
-231282.22
19571.79
-81139.41
287700.62
-230055.64
-220927.98
74564.27
84060.95
-285633.44
-98709.82
179298.56
-259648.61
-242732.95
39669.11
-362142.62
-38471.55
178638.11
-84802.81
124338.72
-90815.26
-152867.56
-146741.64
-393674.41
-31948.50
-260646.89
3277.92
-169535.92
5914.69
-61989.34
-145247.91
-174314.42
-86416.09
-165799.12
176535.62
50586.57
155069.11
-107832.36
-103725.19
99741.32
-162282.88
-90856.56
-26033.51
-9012.03
127314.85
156138.52
-86549.37
-366528.78
-44915.85
-141531.09
251709.83
334507.62
269704.00
164957.64
-13296.06
196664.23
73603.12
219518.05
49758.76
310592.47
407991.03
220510.95
154384.02
-174670.08
25481.79
-126276.06
223100.61
26757.03
-168950.75
-223285.94
-81230.76
102578.57
-52179.14
164963.58
79134.96
411216.50
80706.72
-34599.73
59118.69
385314.22
-150921.92
-267381.47
328701.56
50720.66
-133692.55
-64874.58
39458.42
-94395.97
-421487.44
379320.84
376202.53
37215.39
159168.25
158455.33
-119651.28
88827.67
211764.67
-87871.30
-564203.44
-108909.41
145690.23
240249.45
-374811.41
487233.97
-29988.84
-51887.09
-17202.28
-230473.83
82223.77
-277347.53
275105.09
10353.82
-240676.77
83573.89
-228372.30
247219.83
-297212.72
-122872.77
22619.41
198094.16
-72939.69
278478.78
-93412.83
84143.70
127874.95
-186497.81
-133903.08
76702.40
375274.47
36004.66
83763.18
120865.01
148200.92
233184.78
109916.33
140379.58
-42376.26
-212662.73
-171439.88
-101496.44
-342611.94
150895.11
90636.26
-262559.94
101535.51
109951.27
77700.94
288406.16
88754.78
143497.38
-284108.28
59639.70
24632.87
63952.98
253018.69
-33503.14
68839.41
-120885.31
141952.47
147852.69
-273184.78
-51061.21
254224.80
86262.70
-292125.38
-217012.05
-275603.41
71635.57
-163962.94
80840.25
-223970.09
-60519.38
-246335.39
167098.80
30287.30
102526.84
-35805.42
261967.48
11200.01
-503049.19
-85445.91
24138.35
93800.75
-105031.47
-28377.97
-84297.74
-182658.02
216637.50
53413.45
185265.64
68851.84
54012.41
69008.12
-84697.62
37488.55
25100.41
-30903.99
-198105.17
151609.34
233384.12
88331.05
-237828.31
112204.56
-125274.51
-206097.20
-174786.89
63469.97
-63286.75
161481.89
-380659.91
284093.00
-35245.75
-288860.59
98776.70
-254633.70
-68792.02
-113968.48
-100545.59
-245047.81
128908.98
-73877.00
-419437.47
267752.25
-256074.33
-142758.64
-16934.87
-154381.78
-72524.63
100587.76
55870.19
98836.76
-180599.86
-30936.10
371043.41
6417.89
147484.64
102313.91
-18694.94
59877.14
-441914.00
-497404.78
-395630.78
-237894.19
368454.31
53237.01
67886.73
349802.72
415184.00
185391.88
12118.71
139436.11
275711.28
92762.19
-202618.00
13242.94
27801.92
-152178.38
121998.67
-16646.57
-342134.06
-217797.58
-4118.23
105124.18
150165.70
-24004.69
178826.02
173218.56
-87297.57
-359017.84
453235.50
95614.15
132477.03
10636.54
207822.02
-13654.92
-334351.44
-224238.39
141256.55
204939.95
108923.88
-128783.06
239675.86
-83058.07
-62574.20
-281296.12
35048.86
26455.54
238949.33
-190225.97
-107320.88
115824.71
-154919.16
26974.48
-83596.15
-213155.58
255199.67
149739.27
361445.31
65944.30
-73686.47
207619.28
237202.52
-21572.99
130218.77
-83908.47
-91210.47
-20640.79
128423.10
-278034.50
-33655.40
-215916.16
-375485.84
-469470.00
274072.72
9982.44
30345.02
-216392.31
46251.13
-151775.52
-6914.13
-59538.09
134021.00
-180278.80
-60078.49
113717.54
-170127.23
42779.30
-37332.71
-117044.46
132795.91
